amin=[1,0,0,0,1,0,0,0,0,1,0,0]
amaj=[0,1,0,0,1,0,0,0,0,1,0,0]
dmin=[0,0,1,0,0,1,0,0,0,1,0,0]
dmaj=[0,0,1,0,0,0,1,0,0,1,0,0]
emin=[0,0,0,0,1,0,0,1,0,0,0,1]
emaj=[0,0,0,0,1,0,0,0,1,0,0,1]
cmin=[1,0,0,1,0,0,0,1,0,0,0,0]
cmaj=[1,0,0,0,1,0,0,1,0,0,0,0]
gmin=[0,0,1,0,0,0,0,1,0,0,1,0]
gmaj=[0,0,1,0,0,0,0,1,0,0,0,1]
fmin=[1,0,0,0,0,1,0,0,1,0,0,0]
fmaj=[1,0,0,0,0,1,0,0,0,1,0,0]
bmaj=[0,0,0,1,0,0,1,0,0,0,0,1]
bmin=[0,0,1,0,0,0,1,0,0,0,0,1]
dguf=[0,1,0,0,0,0,1,0,0,0,1,0]
deud=[0,0,0,1,0,0,1,0,0,0,1,0]
dduc=[0,1,0,0,0,1,0,0,1,0,0,0]
dema=[0,0,0,1,0,0,0,1,0,0,1,0]
dama=[1,0,0,1,0,0,0,0,1,0,0,0]
ucmi=[0,1,0,0,1,0,0,0,1,0,0,0]
dbua=[0,1,0,0,0,1,0,0,0,0,1,0]
ufmi=[0,1,0,0,0,0,1,0,0,1,0,0]
ugda=[0,0,0,1,0,0,0,0,1,0,0,1]
dbma=[0,0,1,0,0,1,0,0,0,0,1,0]