63
128
128
128
70
128
128
128
32
128
112
68
68
128
128
128
73
128
128
73
73
128
128
73
73
128
128
128
129
129
129
129
63
128
128
128
70
128
128
128
33
128
128
68
68
128
99
128
73
128
128
73
73
128
128
73
73
128
128
128
129
13
129
129
63
128
128
128
70
128
128
128
33
44
55
68
68
128
128
128
73
128
128
73
73
128
35
73
73
128
128
128
129
24
129
129
53
128
128
128
70
128
128
128
68
128
128
77
68
128
128
128
73
128
90
73
73
128
128
73
73
128
89
128
129
70
128
129
63
128
128
128
128
128
33
128
68
128
128
68
68
128
128
128
73
128
128
73
73
128
24
73
73
128
128
128
129
129
24
129
63
128
128
35
70
128
128
128
68
128
128
68
46
124
128
128
73
128
128
73
73
128
128
73
35
128
128
128
129
129
46
129
63
128
128
128
70
128
128
57
68
128
128
47
68
128
128
128
73
128
128
73
68
128
128
73
73
46
128
128
128
129
129
129
63
128
128
128
90
128
128
128
68
128
128
68
68
128
24
128
73
128
128
73
73
128
128
73
73
128
128
128
129
129
35
12
63
128
128
128
70
128
13
47
68
128
128
68
68
128
29
128
73
128
128
73
73
128
120
73
73
128
128
128
129
129
129
129
63
128
128
128
70
128
23
128
68
128
128
68
68
128
128
128
73
128
128
46
73
128
128
73
73
128
120
128
129
129
127
129
63
128
128
29
70
39
128
128
68
128
128
69
68
128
128
30
73
128
128
73
73
128
128
73
78
128
128
128
129
129
129
129
63
13
128
24
70
128
128
128
68
128
128
68
68
128
88
128
73
128
128
77
73
128
128
73
73
73
73
73
74
75
76
77
63
128
128
128
70
128
128
24
68
128
35
25
68
128
128
128
73
128
128
25
128
128
73
73
128
128
128
32
129
129
53
63
128
128
128
64
128
128
128
68
128
128
68
68
128
128
75
73
128
128
53
73
128
128
73
73
128
128
128
129
129
129
129
63
128
128
64
70
128
128
75
53
128
128
68
68
74
83
128
73
128
128
73
73
128
128
73
73
128
128
23
129
129
129
129
63
128
128
128
70
128
53
128
68
128
128
68
68
128
128
128
73
128
46
73
73
128
57
73
73
128
128
128
129
64
129
129
63
128
128
128
70
25
128
128
68
128
128
68
68
128
128
128
128
128
128
73
32
13
128
73
64
128
128
128
129
64
75
63
63
128
128
128
70
128
128
128
64
128
128
68
68
128
128
75
73
128
128
73
73
128
128
73
73
128
128
128
129
129
129
129
63
128
128
128
53
128
128
128
68
128
16
68
68
128
128
128
73
14
128
73
73
128
128
73
73
128
128
33
129
129
24
13
128