28
128
28
128
28
128
28
128
29
128
29
128
29
128
29
128
31
128
31
128
29
128
31
128
33
128
33
128
35
128
35
128
36
128
31
128
29
128
36
128
36
128
31
128
29
128
31
128
36
128
31
128
29
128
31
128
36
128
31
128
29
128
31
128
36
128
31
128
29
128
36
128
36
128
31
128
29
128
31
128
36
128
31
128
29
128
31
128
36
128
31
128
29
128
31
128
34
128
34
128
34
128
34
128
33
128
33
128
33
128
33
128
31
128
31
128
31
128
31
128
29
128
31
128
36
128
31
128
29
128
31
128
36
128
31
128
34
128
34
128
34
128
34
128
33
128
33
128
33
128
33
128
31
128
36
128
36
128
36
128
31
128
31
128
31
128
36
128
31
128
29
128
31
128
36
128
31
128
36
128
36
128
36
128
36
128
36
128
36
128
36
128
36
128
31
128
31
128
34
128
34
128
33
128
33
128
36
128
36
128
36
128
36
128
36
128
36
128
36
128
36
128
31
128
31
128
34
128
34
128
33
128
33
128
36
128
36
128
36
128
36
128
36
128
36
128
36
128
36
128
31
128
31
128
34
128
34
128
33
128
33
128
36
128
36
128
36
128
36
128
36
128
36
128
36
128
36
128
31
128
31
128
34
128
34
128
33
128
33
128
36
128
36
128
36
128
36
128
36
128
36
128
36
128
36
128
31
128
31
128
34
128
34
128
33
128
33
128
36
128
36
128
36
128
36
128
36
128
36
128
36
128
36
128
31
128
31
128
34
128
34
128
33
128
33
128
36
128
36
128
36
128
36
128
36
128
36
128
36
128
36
128
31
128
31
128
34
128
34
128
33
128
33
128
36
128
36
128
36
128
36
128
36
128
36
128
36
128
36
128
31
128
31
128
34
128
34
128
33
128
33
128
31
128
31
128
31
128
31
128
31
128
31
128
31
128
31
128
31
128
31
128
31
128
31
128
31
128
31
128
31
128
31
128
31
128
31
128
31
128
31
128
31
128
31
128
31
128
31
128
129
129
129
129
129
129
129
129
129
129
129
129
129
129
129
129
129
129
129
129
129
129
129
129
129
129
129
129
129
129
